1 1
2 1
3 1
4 1
5 1
6 1
7 1
8 1
9 2
10 2
11 2
12 2
13 2
14 2
15 2
16 3
17 3
18 4
19 4
20 4
21 4
22 4
23 5
24 5
25 7
26 7
27 8
28 8
29 8
30 9
31 9
32 12
33 12
34 15
35 15
36 16
37 17
38 17
39 21
40 21
41 27
42 27
43 31
44 32
45 33
46 38
47 38
48 48
49 48
50 58
51 59
52 64
53 70
54 71
55 86
56 86
57 106
58 107
59 122
60 129
61 135
62 156
63 157
64 192
65 193
66 228
67 236
68 257
69 285
70 292
71 348
72 350
73 420
74 429
75 485
76 521
77 549
78 633
79 642
80 768
81 779
82 905
83 950
84 1034
85 1154
86 1191
87 1401
88 1421
89 1673
90 1729
91 1939
92 2104
93 2225
94 2555
95 2612
96 3074
97 3150
98 3612
99 3833
100 4164
101 4659
102 4837
103 5629
104 5762
105 6686
106 6983
107 7776
108 8492
109 9001
110 10288
111 10599
112 12315
113 12745
114 14462
115 15475
116 16777
117 18780
118 19600
119 22603
120 23344
121 26777
122 28220
123 31239
124 34255
125 36377
126 41383
127 42944
128 49380
129 51564
130 58016
131 62475
132 67616
133 75638
134 79321
135 90763
136 94508
137 107396
138 114039
139 125632
140 138113
141 146937
142 166401
143 173829
144 198159
145 208547
146 233028
147 252152
148 272569
149 304514
150 320766
151 364560
152 382376
153 431187
154 460699
155 505597
156 556666
157 593335
158 669074
159 703142
160 795747
161 843075
162 936784
163 1017365
164 1098932
165 1225740
166 1296477
167 1464821
168 1546217
169 1732531
170 1860440
171 2035716
172 2243105
173 2395409
174 2690561
175 2842694
176 3197352
177 3406657
178 3768247
179 4103545
180 4431125
181 4933666
182 5238103
183 5887913
184 6249351
185 6965599
186 7510202
187 8199372
188 9037211
189 9669228
190 10821579
191 11487454
192 12853512
193 13759553
194 15164971
195 16547413
196 17868600
197 19858790
198 21156682
199 23675091
200 25247007
201 28018483
202 30306966
203 33033571
204 36406203
205 39025282
206 43533881
207 46403689
208 51693574
209 55553973
210 61052054
211 66713169
212 72058853
213 79940084
214 85428971
215 95227455
216 101957662
217 112745628
218 122267142
219 133110907
220 146653253
221 157487824
222 175167539
223 187386633
224 207973083
225 224224804
226 245856535
227 268920395
228 290598731
229 321820792
230 344874457
231 383140622
232 411611437
233 453829618
234 493145199
235 536455266
236 590741187
237 635473188
238 704961414
239 756485894
240 836970240
241 904756636
242 990284884
243 1083886386
244 1171928454
245 1295702601
246 1391959082
247 1541931654
248 1661242530
249 1827255124
250 1988643022
251 2162213338
252 2379588987
253 2563887536
254 2837634255
255 3053201612
256 3369186778
257 3649885552
258 3989468462
259 4368232009
260 4726100874
261 5217223242
262 5617089148
263 6206821033
264 6703087164
